BA BE AB CD BE EF 00 00 00 00 00 00 00 00 00 00 00 00 00 00 00 00 00 00 00 00 00 00
BA BE AB CD BE EF 00 01 00 00 00 00 00 00 00 00 00 00 00 00 00 00 00 00 00 00 00 01
BA BE AB CD BE EF 00 00 00 00 00 00 00 00 00 00 00 00 00 00 00 00 00 00 00 00 00 02
BA BE AB CD BE EF 00 00 00 00 00 00 00 00 00 00 00 00 00 00 00 00 00 00 00 00 00 03
BA BE AB CD BE EF 00 01 00 00 00 00 00 00 00 00 00 00 00 00 00 00 00 00 00 00 00 04
BA BE AB CD BE EF 00 01 00 00 00 00 00 00 00 00 00 00 00 00 00 00 00 00 00 00 00 05
BA BE AB CD BE EF 00 04 00 00 00 00 00 00 00 00 00 00 00 00 00 00 00 00 00 00 00 06
BA BE AB CD BE EF 00 00 00 00 00 00 00 00 00 00 00 00 00 00 00 00 00 00 00 00 00 07
BA BE AB CD BE EF 00 02 00 00 00 00 00 00 00 00 00 00 00 00 00 00 00 00 00 00 00 08
BA BE AB CD BE EF 00 00 00 00 00 00 00 00 00 00 00 00 00 00 00 00 00 00 00 00 00 09
